2.433420167420339
6.815536486780294
5.905372886844427
7.197438081706883
5.497827619875163
3.009918716456732
7.036586516795352
6.5212414272558235
6.573835277534695
5.042999479145472
2.700917085770634
3.5328333764030946
3.517572547295485
4.666063863691544
6.298776148138879
6.143713071423729
3.356919017267368
3.9071601942988146
4.5114095113784485
8.02385051658594
4.16932110819069
2.630598802590024
4.909271032083051
2.726498530115186
6.477190766849448
4.602230423399827
0.9795770875192149
1.3329312609105508
4.037244321354587
3.7693480938694552
3.4730500265533353
1.9530483871129638
1.9966983470677846
4.402444276543278
4.473261266791956
4.6004369032481165
5.471789356905897
5.549036305703845
3.9319060715943266
1.557418405174269
1.7773320640548813
4.087587338627128
5.5663203453673225
4.780217749226369
3.306856518818928
3.8154458287499677
5.350778352745746
5.271096918940421
2.6121790353240533
0.9977873904797034
6.528703619349297
4.770497150034523
6.894130978927009
6.875266381741503
5.110030203036751
2.310764620894132
3.6910661100318634
7.682773060827168
4.9044686985694055
6.136990756865602
3.9437100891801418
2.2742194664448765
4.691373799287098
4.846498000772167
0.5560680621488432
1.8472940466039445
1.7300646850324322
7.13593566940486
6.441116150009175
4.491132957430528
6.844466520976259
1.8033211997619776
4.9763504873505875
6.488368295387259
4.416717636585383
4.678691609807822
5.035501213542086
6.701361316392388
3.5584348626330824
3.6564735645126323
5.087066748745858
3.4260251786012126
5.476658558849195
6.60128175072893
-0.29258720549022676
2.137754825903848
4.579097478071784
5.501940295367056
4.994417140502742
7.435436775741165
5.289920538615704
3.9690524194693344
2.827183532643738
3.4203572188883835
5.339932551711587
2.422640640429607
6.904208976384487
4.915039612383614
3.822219114041456
7.670570234102243
